label	Group	nseqs	coverage	sobs	invsimpson	invsimpson_lci	invsimpson_hci	chao	chao_lci	chao_hci	ace	ace_lci	ace_hci	shannon	shannon_lci	shannon_hci
0.03	033362_JI1_S248	4890	0.995501	61	4.776751	4.613098	4.952443	89.875	71.074382	143.760972	87.405752	72.065125	124.014538	2.018777	1.981408	2.056145
0.03	033363_JI2_S249	4890	0.995501	111	6.526536	6.254973	6.822749	121.043478	114.51786	139.674099	126.847782	118.031524	146.718031	2.606685	2.559904	2.653465
0.03	033364_JI3_S250	4890	0.998364	38	5.098223	4.916148	5.294304	40.545455	38.483833	51.391697	45.557406	40.096387	65.244204	2.008135	1.976225	2.040046
0.03	033365_JI4_S251	4890	0.997137	53	2.733053	2.629731	2.844827	61.272727	55.346846	82.161694	67.91822	58.455151	93.796912	1.679462	1.634631	1.724293
0.03	033366_JI5_S252	4890	0.998569	34	4.465539	4.331312	4.608352	39.25	34.998395	61.606806	46.212314	38.445816	67.546285	1.872881	1.838751	1.907012
0.03	033367_JI6_S253	4890	0.99816	41	6.086893	5.908509	6.276384	48.2	42.60153	73.369051	49.002587	43.359528	68.141615	2.135722	2.104745	2.166698
0.03	033368_JI7_S254	4890	0.996319	58	2.872103	2.759801	2.993931	75	63.499733	110.548002	78.221563	65.947683	109.450419	1.776281	1.730361	1.822201
0.03	033370_JI9_S256	4890	0.998569	40	4.845276	4.652167	5.055111	50.5	42.03458	94.188088	44.808484	41.197644	59.305827	2.079866	2.043781	2.115951
0.03	033371_JI10_S257	4890	0.996319	54	6.8744	6.640786	7.125049	71	59.499733	106.548002	78.043721	63.553977	114.508888	2.273777	2.242277	2.305278
0.03	033372_JI11_S258	4890	0.998773	33	5.070927	4.92905	5.221213	36	33.501496	50.946298	37.523056	34.084112	51.870774	1.941942	1.911135	1.972748
0.03	033373_JI12_S259	4890	0.997751	43	5.654996	5.440778	5.886775	50.857143	44.961855	74.467512	54.374293	46.484491	80.128681	2.164091	2.130811	2.197371
0.03	033374_JI13_S260	4890	0.994274	103	13.614321	13.072634	14.20284	125.235294	111.830859	158.986431	131.300285	116.503114	162.312699	3.096577	3.060724	3.13243
0.03	033375_JI14_S261	4890	0.994888	82	13.562128	13.085824	14.074414	119.5	95.685322	184.756074	110.470079	94.636065	146.145398	2.994204	2.961967	3.026442
0.03	033376_JI15_S262	4890	0.996319	70	6.592161	6.299769	6.913016	82.75	74.138812	109.277575	84.600882	75.690742	107.461851	2.434573	2.396844	2.472301
0.03	033377_JI16_S263	4890	0.995092	72	10.283007	10.005795	10.576018	91.714286	79.320791	125.088945	97.249849	83.170011	129.077373	2.623439	2.593002	2.653876
0.03	033378_JI17_S264	4890	0.996728	59	6.302427	6.092237	6.527639	72.333333	63.07923	102.581214	91.937567	75.879446	123.272447	2.326901	2.28936	2.364442
0.03	033379_JI19_S265	4890	0.993456	81	7.647263	7.313142	8.013376	126.090909	99.359259	191.744669	192.603993	154.217651	251.115418	2.572907	2.535363	2.61045
0.03	033380_JI20_S266	4890	0.993661	83	9.10644	8.812447	9.420727	125.272727	100.041562	187.860308	162.004396	132.093761	210.138244	2.636996	2.601141	2.672851
0.03	033381_JI21_S267	4890	0.993865	91	13.342164	12.956179	13.751853	116.588235	101.445195	153.68507	130.154049	109.95529	171.876605	2.919314	2.887331	2.951297
0.03	033382_JI22_S268	4890	0.99407	95	10.894844	10.465064	11.361436	126.230769	107.457637	173.294218	144.976602	124.371943	180.035598	2.872545	2.835763	2.909328
0.03	033383_JI24_S269	4890	0.99407	72	5.297713	5.083654	5.530591	117.111111	89.473811	188.460705	159.7877	128.71409	207.88652	2.224729	2.185588	2.263869
0.03	033384_JI25_S270	4890	0.994479	80	9.318893	8.986298	9.677054	107	90.490264	149.49301	114.156795	95.286237	156.322685	2.665864	2.630762	2.700967
0.03	033386_JI27_S272	4890	0.996319	68	7.077863	6.811525	7.365878	83.3	72.963289	115.164293	87.411447	75.351984	119.252052	2.490855	2.452149	2.529562
0.03	033387_JI28_S273	4890	0.995501	59	3.582289	3.431929	3.746429	92	70.377979	154.711195	107.216797	85.353193	147.219275	1.920853	1.87931	1.962395
0.03	033388_JI29_S274	4890	0.996115	59	7.249099	7.064865	7.443199	78	65.296022	116.337789	79.274623	66.991808	110.435209	2.286403	2.254359	2.318447
0.03	033389_JI30_S275	4890	0.994274	82	8.586305	8.244486	8.957694	104.235294	90.830859	137.986431	116.044377	97.499252	156.779066	2.664169	2.627451	2.700888
0.03	033391_JI33_S277	4890	0.997751	59	5.115722	4.891755	5.36118	64	60.215104	79.574366	66.632778	61.418548	83.08854	2.263085	2.22269	2.303481
0.03	033393_JI35_S279	4890	0.994888	79	10.849141	10.514286	11.206025	97.75	86.095286	128.54874	106.681524	90.98649	142.927536	2.75547	2.72248	2.78846
0.03	033394_JI36_S280	4890	0.995092	84	8.048541	7.76004	8.359323	100.235294	90.029735	127.714159	108.992207	95.330141	139.128208	2.567942	2.530177	2.605706
0.03	033395_JI37_S281	4890	0.994479	78	6.858111	6.612218	7.122999	101.4	87.137017	137.927654	108.05166	91.680618	144.013262	2.394967	2.357741	2.432193
0.03	033396_JI38_S282	4890	0.995297	65	6.048746	5.830298	6.284202	93.111111	75.061695	143.53891	112.676372	91.5311	150.674417	2.261826	2.225511	2.298141
0.03	033397_JI40_S283	4890	0.994479	85	8.140454	7.835258	8.470388	110.071429	94.769774	149.338904	113.495563	98.097249	146.997532	2.562691	2.525669	2.599713
0.03	033398_JI41_S284	4890	0.995501	86	15.610262	15.02866	16.238692	105.25	92.864072	139.985815	107.920572	95.587157	136.120332	3.11938	3.088223	3.150536
0.03	033399_JI44_S285	4890	0.993047	96	8.376609	8.102949	8.6694	131.0625	110.946191	178.253657	165.896754	139.284911	208.86973	2.5955	2.556866	2.634133
0.03	033400_JI46_S286	4890	0.996524	59	6.612378	6.358478	6.887397	86.2	67.263264	148.533628	74.659226	64.867074	100.794492	2.345177	2.310161	2.380192
0.03	033401_JI47_S287	4890	0.995706	59	4.835078	4.697563	4.980888	80	66.295428	119.448818	106.959188	85.482145	145.854133	1.961932	1.925945	1.99792
0.03	033402_JI48_S288	4890	0.998978	57	3.743094	3.589338	3.910612	58.428571	57.193189	67.563816	59.555409	57.565607	68.545324	2.034449	1.988971	2.079928
0.03	033403_JI49_S289	4890	0.995092	66	5.399774	5.241496	5.56791	85.714286	73.320791	119.088945	117.211674	95.492332	154.926015	2.061396	2.025933	2.096858
0.03	033404_JI50_S290	4890	0.997342	37	4.604781	4.490847	4.724646	50	40.552741	84.568908	66.011019	50.628989	98.753605	1.812489	1.782533	1.842445
0.03	033405_JI51_S291	4890	0.99591	46	6.709538	6.500064	6.932962	69.75	53.988118	116.612688	108.075255	81.428506	154.763755	2.162871	2.135942	2.189799
0.03	033406_JI52_S292	4890	0.997342	48	3.304439	3.178088	3.441252	54.5	49.752296	72.11123	68.311575	57.503753	91.41023	1.727074	1.688375	1.765772
0.03	033407_JI53_S293	4890	0.996728	71	5.157173	4.992106	5.33353	80.230769	73.806498	101.360648	84.13251	76.143205	104.532172	2.121725	2.081597	2.161854
0.03	033408_JI55_S294	4890	0.992025	106	8.444262	8.160748	8.748185	158.928571	129.347364	225.989293	183.285427	155.11759	227.606887	2.608447	2.569145	2.647749
0.03	033409_JI56_S295	4890	0.997137	37	4.358675	4.25338	4.469316	50	40.703423	82.633456	69.113393	52.698333	102.692964	1.724983	1.696466	1.7535
0.03	033410_JI59_S296	4890	0.995092	93	13.705481	13.218784	14.229386	111.4	99.83768	142.513872	117.332704	104.090528	146.386141	3.045043	3.010638	3.079447
0.03	033411_JI60_S297	4890	0.993252	75	1.653124	1.607677	1.701215	112.714286	90.797766	165.035981	118.483641	95.697902	166.35356	1.093955	1.045561	1.142349
0.03	033412_JI61_S298	4890	0.993252	115	10.14472	9.605876	10.74761	155.615385	131.927647	212.450608	149.683684	132.136448	185.198789	3.054104	3.012016	3.096191
0.03	033413_JI62_S299	4890	0.996524	76	7.107034	6.904824	7.321445	82.8	78.070909	98.328363	90.251219	81.832996	110.81868	2.357336	2.32083	2.393842
0.03	033414_JI63_S300	4890	0.994274	76	10.944701	10.646426	11.26017	118	92.090367	185.630813	149.505403	120.111762	198.485343	2.705448	2.67378	2.737117
0.03	033415_JI64_S301	4890	0.996933	59	7.172966	6.947398	7.413673	72.125	62.881489	103.381329	75.552438	65.299291	102.494297	2.370711	2.336001	2.405422
0.03	033416_JI65_S302	4890	0.994479	68	6.578147	6.314877	6.864324	126.5	89.130066	229.961163	128.695284	103.770112	170.988704	2.36205	2.326427	2.397673
0.03	033417_JI66_S303	4890	0.996728	78	11.937871	11.504919	12.404683	88	81.05042	110.782374	88.957947	82.019114	107.876386	2.904527	2.870624	2.93843
0.03	033418_JI67_S304	4890	0.996933	56	2.356854	2.271923	2.448382	71	60.419193	106.914271	68.267032	60.460519	89.736003	1.571228	1.523902	1.618553
0.03	033419_JI68_S305	4890	0.997342	55	6.227175	5.999023	6.473368	61.5	56.752296	79.11123	70.223331	60.397278	97.938277	2.297663	2.261711	2.333615
0.03	033420_JI69_S306	4890	0.995092	90	6.291116	6.068314	6.530902	129.428571	104.002219	201.026132	108.271813	97.932534	132.087331	2.428184	2.385046	2.471323
0.03	033421_JI70_S307	4890	0.996728	91	5.811526	5.553953	6.094151	101.909091	94.335502	126.679265	101.741726	95.189946	118.538463	2.532438	2.486226	2.578651
0.03	033422_JI71_S308	4890	0.994683	133	9.855465	9.399579	10.357827	147.772727	138.656192	171.583106	151.395983	141.612246	172.294298	3.084764	3.038747	3.130781
0.03	033423_JI72_S309	4890	0.993047	92	9.066022	8.789029	9.361044	125	106.105109	169.20607	189.9741	156.805494	240.118989	2.614196	2.577607	2.650786
0.03	033424_JI73_S310	4890	0.993661	90	6.229551	6.013038	6.462238	136.5	108.58119	206.367682	127.10904	107.796131	167.380912	2.390773	2.348661	2.432886
0.03	033425_JI74_S311	4890	0.99591	62	4.868493	4.650125	5.108379	83.111111	69.150105	124.331817	109.358252	88.054783	148.080319	2.25237	2.211101	2.293639
0.03	033426_JI75_S312	4890	0.995501	71	2.296884	2.217257	2.382442	86.4	76.500425	114.11667	94.039695	80.984134	124.167106	1.545411	1.496223	1.594599
0.03	033427_JI76_S313	4890	0.994888	125	20.903173	20.026403	21.86023	146.428571	133.095563	181.720415	144.171566	133.758104	166.966726	3.563057	3.527077	3.599037
0.03	033428_JI78_S314	4890	0.994683	78	2.826436	2.711584	2.951447	103	87.573145	143.286797	111.751265	93.481644	151.58055	1.890741	1.840363	1.941119
0.03	033429_JI79_S315	4890	0.99591	64	4.804585	4.649246	4.970663	78.615385	68.993963	106.773539	89.071206	74.205145	125.592988	2.047654	2.008604	2.086704
0.03	033430_JI80_S316	4890	0.995297	78	11.557674	11.227139	11.908261	93.8125	83.762513	121.389952	102.231347	88.765242	132.542032	2.738974	2.708463	2.769484
0.03	033431_JI81_S317	4890	0.990593	124	17.326903	16.656599	18.053418	188.6875	154.205779	262.532186	255.017381	213.692873	315.381472	3.322278	3.286716	3.357839
0.03	033432_JI82_S318	4890	0.993047	95	5.379442	5.121958	5.664185	165.125	123.021641	270.489921	138.997286	116.239223	186.140864	2.484821	2.438665	2.530977
0.03	033433_JI84_S319	4890	0.997751	68	5.163582	4.979326	5.361999	71.928571	68.926356	84.660636	77.42967	71.352327	94.524462	2.213184	2.171175	2.255193
0.03	033434_JI85_S320	4890	0.994479	139	13.151597	12.470623	13.911238	157.473684	146.224748	186.237219	158.808877	148.452321	180.512725	3.303497	3.260588	3.346406
0.03	033435_JI86_S321	4890	0.99407	87	7.81729	7.564039	8.088086	106.333333	94.78984	134.982726	117.48133	100.856345	154.053139	2.495184	2.457799	2.53257
0.03	033436_JI87_S322	4890	0.995297	95	10.916544	10.579916	11.275298	109.055556	100.108966	133.66901	116.334437	104.693609	141.954464	2.820634	2.783864	2.857404
0.03	033437_JI88_S323	4890	0.996319	68	7.373075	7.087766	7.682316	89.857143	74.980852	136.435016	86.201537	75.172188	114.191753	2.544314	2.505979	2.58265
0.03	033438_JI89_S324	4890	0.993047	120	12.125201	11.607839	12.690832	146.714286	131.480472	182.162345	152.942243	136.948795	184.027644	3.043452	3.004754	3.08215
0.03	033439_JI90_S325	4890	0.994683	110	10.644596	10.26105	11.057929	129.117647	117.359333	159.662713	129.334404	118.91883	151.913477	2.905523	2.865291	2.945755
0.03	033440_JI91_S326	4890	0.997342	49	4.205378	4.098999	4.317425	55.5	50.752296	73.11123	60.280292	52.875514	81.833059	1.824549	1.787956	1.861142
0.03	033441_JI94_S327	4890	0.997342	41	5.986018	5.780716	6.206439	67	47.815969	140.178856	57.155471	46.272871	90.498502	2.166771	2.13519	2.198352
0.03	033442_JI95_S328	4890	0.996728	40	6.504938	6.37244	6.643063	80	51.318548	181.360886	81.979454	62.05932	119.887979	2.056218	2.030872	2.081564
0.03	033443_JI97_S329	4890	0.993047	65	4.183652	4.035031	4.343639	135.125	93.021641	240.489921	185.690191	137.864095	264.908091	1.898544	1.861502	1.935585
0.03	033444_JI98_S330	4890	0.992025	136	10.536666	10.055605	11.066067	173.05	152.698838	218.203475	177.789674	158.275057	214.400557	3.080021	3.035741	3.1243
0.03	033445_JI99_S331	4890	0.996933	42	3.99226	3.877798	4.113684	53.666667	45.454231	81.404169	60.610486	48.501275	95.274193	1.732722	1.699585	1.765859
0.03	033448_JI110_S334	4890	0.996933	44	5.487982	5.34061	5.643719	57.125	47.881489	88.381329	78.083428	60.530834	114.273529	2.010068	1.979149	2.040987
0.03	033449_JI101_S335	4890	0.996933	58	1.570877	1.532018	1.611758	65.5	60.18511	83.742407	68.384916	61.850889	86.00561	0.914227	0.870217	0.958237
0.03	033450_JI102_S336	4890	0.996524	63	3.17215	3.040855	3.315296	73.461538	66.289639	96.269235	78.185545	69.019704	101.307664	1.872013	1.827318	1.916709
0.03	033451_JI103_S337	4890	0.99591	49	4.787164	4.68766	4.890983	80.666667	59.396838	145.450264	100.59123	77.1358	143.600296	1.811324	1.780606	1.842041
0.03	033452_JI104_S338	4890	0.993252	64	5.866239	5.699484	6.043045	112	83.728085	180.787818	264.387498	201.509693	356.016865	2.088878	2.056666	2.121091
0.03	033453_JI105_S339	4890	0.996524	72	6.103374	5.928471	6.288912	85.6	76.291958	115.094551	82.967632	76.189916	100.709159	2.232912	2.194902	2.270921
0.03	033454_JI111_S340	4890	0.995501	54	2.459359	2.38532	2.538142	77.1	62.179768	119.235345	104.308017	81.42267	146.292129	1.365322	1.325148	1.405497
0.03	033455_JI107_S341	4890	0.996524	43	3.748033	3.659293	3.841184	65.666667	49.993642	116.463547	65.118133	51.111438	103.311353	1.625878	1.593118	1.658638
0.03	033456_JI108_S342	4890	0.99407	77	3.547838	3.422599	3.682589	127.75	96.405601	209.722637	144.902842	118.182307	188.960604	1.901861	1.855959	1.947764
0.03	033457_JI109_S343	4890	0.996933	37	4.575756	4.472831	4.68353	54.5	42.118074	96.836961	102.880864	74.235932	153.561825	1.760791	1.732077	1.789506
0.03	033460_JI100_S346	4890	0.998364	83	10.67947	10.331628	11.05155	85.333333	83.436286	95.479066	86.810737	84.063742	96.651545	2.855293	2.817113	2.893473
0.03	033461_JI106_S347	4890	0.997137	33	3.524531	3.437594	3.61598	48.166667	37.296923	86.533138	69.322121	50.306091	109.233071	1.470464	1.443917	1.49701
0.03	033462_JI112_S348	4890	0.99407	49	3.463129	3.390649	3.538775	150.5	84.141298	342.16646	221.977397	158.053558	323.371425	1.494296	1.462891	1.5257
0.03	033463_JI113_S349	4890	0.996933	36	4.258057	4.134222	4.38954	62.25	43.446642	128.533319	62.883224	44.582641	120.205747	1.761685	1.730839	1.792532
0.03	033464_JI114_S350	4890	0.99407	55	6.127842	5.938367	6.329806	258	120.29471	686.123102	240.555	179.429677	331.707767	2.176687	2.144393	2.208981
0.03	033465_JI115_S351	4890	0.996115	56	4.323891	4.181211	4.476653	71.545455	61.180347	102.649606	80.666655	66.08864	116.309803	1.917095	1.879909	1.954281
0.03	033466_JI117_S352	4890	0.999182	20	2.496137	2.434135	2.56138	22	20.249903	36.006186	25.676	21.53828	40.943503	1.229599	1.197433	1.261766
0.03	033467_JI118_S353	4890	0.997751	28	2.369573	2.323767	2.41722	46.333333	32.476624	103.081388	62.445844	44.338953	100.618861	1.128474	1.096392	1.160556
0.03	033468_JI120_S354	4890	0.999182	30	3.464675	3.337571	3.601844	31.2	30.138909	40.366469	32.840841	30.54947	44.687573	1.743199	1.706405	1.779992
0.03	033613_JI18_S499	4890	0.995297	103	7.347799	7.015623	7.712995	118.8125	108.762513	146.389952	118.546483	109.847924	138.294368	2.68821	2.644922	2.731498
0.03	033614_JI42_S500	4890	0.999182	42	2.931527	2.818275	3.054261	43	42.111496	50.968937	43.497714	42.250045	50.970986	1.717712	1.674652	1.760772
0.03	033615_JI54_S501	4890	0.997342	34	5.071265	4.946624	5.202349	49.6	38.229841	91.534077	77.367786	55.768279	120.399338	1.878749	1.850664	1.906833
0.03	033616_JI58_S502	4890	0.998569	31	1.800029	1.745806	1.857727	36.25	31.998395	58.606806	38.018436	32.758763	59.007437	1.188857	1.144285	1.233429
0.03	033617_JI83_S503	4890	0.998773	30	4.671388	4.493663	4.86375	37.5	31.32254	72.5318	34.112772	30.911458	48.558061	1.981206	1.948516	2.013896
0.03	033618_JI92_S504	4890	0.995706	59	3.27641	3.177475	3.381704	80	66.295428	119.448818	97.648092	79.822678	130.73309	1.665333	1.625211	1.705455
0.03	033619_JI93_S505	4890	0.998364	26	4.286557	4.158555	4.42269	40	28.920488	93.112081	34.647055	28.152964	60.729596	1.722863	1.695645	1.750081
0.03	033620_JI119_S506	4890	0.998364	28	5.135868	5.012234	5.265756	35	29.451873	61.749509	55.800317	40.725149	88.734662	1.885438	1.857903	1.912973